20.000000
21.736375
23.224058
24.406880
25.235115
25.667278
25.671682
25.227713
24.326762
22.972791
21.182507
18.985129
16.421758
13.544360
10.414400
7.101155
3.679771
0.229117
-3.170499
-6.439672
-9.502233
-12.287497
-14.732345
-16.783097
-18.397085
-19.543902
-20.206271
-20.380514
-20.076601
-19.317783
-18.139819
-16.589817
-14.724736
-12.609592
-10.315422
-7.917082
-5.490941
-3.112550
-0.854354
1.216475
3.040011
4.565306
5.751811
6.570456
7.004352
7.049090
6.712642
6.014868
4.986645
3.668655
2.109873
0.365813
-1.503412
-3.435151
-5.366318
-7.235472
-8.984812
-10.562003
-11.921790
-13.027341
-13.851273
-14.376342
-14.595760
-14.513150
-14.142136
-13.505583
-12.634531
-11.566850
-10.345672
-9.017662
-7.631185
-6.234438
-4.873610
-3.591151
-2.424190
-1.403170
-0.550759
0.118951
0.600902
0.899185
1.026804
1.005095
0.862824
0.634997
0.361420
0.085069
-0.149681
-0.298898
-0.320938
-0.178231
0.161059
0.721563
1.519481
2.561646
3.844909
5.355887
7.071068
8.957290
10.972576
13.067293
15.185618
17.267246
19.249297
21.068350
22.662547
23.973683
24.949230
25.544205
25.722831
25.459934
24.742012
23.567958
21.949383
19.910557
17.487929
14.729263
11.692411
8.443745
5.056311
1.607757
-1.821906
-5.152630
-8.306674
-11.210899
-13.798922
-16.013081
-17.806134
-19.142643
-20.000000
-20.369058
-20.254347
-19.673879
-18.658526
-17.251018
-15.504575
-13.481221
-11.249841
-8.884037
-6.459853
-4.053445
-1.738768
0.414647
2.343752
3.993819
5.319991
6.288500
6.877526
7.077657
6.891950
6.335594
5.435188
4.227655
2.758852
1.081903
-0.744679
-2.659006
-4.597913
-6.499055
-8.302945
-9.954856
-11.406523
-12.617602
-13.556831
-14.202848
-14.544669
-14.581782
-14.323883
-13.790250
-13.008803
-12.014855
-10.849634
-9.558607
-8.189682
-6.791347
-5.410811
-4.092218
-2.875002
-1.792429
-0.870389
-0.126480
0.430595
0.801274
0.995048
1.030011
0.932083
0.733936
0.473641
0.193112
-0.063617
-0.252213
-0.329899
-0.257267
-0.000000
0.469578
1.171169
2.115444
3.303299
4.725452
6.362405
8.184778
10.153995
12.223327
14.339235
16.442988
18.472497
20.364307
22.055682
23.486707
24.602350
25.354397
25.703205
25.619211
25.084138
24.091858
22.648882
20.774450
18.500220
15.869561
12.936457
9.764080
6.423045
2.989418
-0.457458
-3.837267
-7.071068
-10.083611
-12.805564
-15.175556
-17.141992
-18.664568
-19.715447
-20.280046
-20.357428
-19.960259
-19.114370
-17.857890
-16.240031
-14.319513
-12.162725
-9.841650
-7.431633
-5.009066
-2.649057
-0.423165
1.602735
3.370385
4.830811
5.945687
6.688337
7.044354
7.011826
6.601157
5.834490
4.744770
3.374468
1.774013
0.000000
-1.886785
-3.823433
-5.747024
-7.596689
-9.315581
-10.852660
-12.164257
-13.215358
-13.980565
-14.444710
-14.603105
-14.461415
-14.035185
-13.349009
-12.435410
-11.333440
-10.087081
-8.743487
-7.351139
-5.957976
-4.609575
-3.347441
-2.207467
-1.218621
-0.401907
0.230362
0.674961
0.937794
1.033588
0.985247
0.822889
0.582601
0.304960
0.033367
-0.187745
-0.314752
-0.306687
-0.127000
0.254816
0.861795
1.708329
2.799291
4.129496
5.683513
7.435852
9.351509
11.386872
13.490946
15.606867
17.673657
19.628163
21.407107
22.949194
24.197199
25.099958
25.614204
25.706180
25.352969
24.543504
23.279208
21.574243
19.455364
16.961364
14.142136
11.057369
7.774927
4.368949
0.917737
-2.498502
-5.799994
-8.909739
-11.755782
-14.273335
-16.406692
-18.110872
-19.352936
-20.112927
-20.384432
-20.174706
-19.504395
-18.406835
-16.926975
-15.119938
-13.049286
-10.785021
-8.401420
-5.974736
-3.580869
-1.293061
0.820294
2.697675
4.286212
5.543180
6.437146
6.948745
7.071068
6.809638
6.181996
5.216902
3.953189
2.438307
0.726612
-1.122541
-3.046841
-4.983119
-6.869444
-8.647133
-10.262622
-11.669123
-12.828026
-13.709994
-14.295715
-14.576302
-14.553319
-14.238439
-13.652754
-12.825770
-11.794108
-10.599983
-9.289498
-7.910827
-6.512348
-5.140797
-3.839503
-2.646775
-1.594491
-0.706948
-0.000000
0.519467
0.853722
1.014023
1.020100
0.899322
0.685552
0.417764
0.138436
-0.108190
-0.277944
-0.328580
-0.221575
0.076178
0.590858
1.340436
2.333678
3.569463
5.036460
6.713154
8.568259
10.561477
12.644598
14.762909
16.856853
18.863906
20.720588
22.364559
23.736719
24.783250
25.457518
25.721785
25.548658
24.922234
23.838886
22.307674
20.350363
18.001020
15.305236
12.318959
9.106997
5.741221
2.298532
-1.141346
-4.498184
-7.693594
-10.653340
-13.309522
-15.602588
-17.483092
-18.913141
-19.867497
-20.334289
-20.315317
-19.825929
-18.894497
-17.561476
-15.878113
-13.904820
-11.709276
-9.364318
-6.945687
-4.529705
-2.190946
-0.000000
1.978636
3.688435
5.082457
6.124636
6.790712
7.068774
6.959399
6.475397
5.641159
4.491646
3.071055
1.431197
-0.370331
-2.272152
-4.211186
-6.124760
-7.952657
-9.639055
-11.134270
-12.396273
-13.391906
-14.097780
-14.500815
-14.598414
-14.398269
-13.917811
-13.183318
-12.228738
-11.094244
-9.824597
-8.467365
-7.071068
-5.683317
-4.349008
-3.108639
-1.996815
-1.040985
-0.260462
0.334237
0.741722
0.969696
1.034584
0.960819
0.779821
0.528702
0.248739
-0.016313
-0.222035
-0.325189
-0.285553
-0.067660
0.357607
1.011640
1.906986
3.046539
4.423068
6.019103
7.807196
9.750539
11.803936
13.915086
16.026158
18.075578
20.000000
21.736375
23.224058
24.406880
25.235115
25.667278
25.671682
25.227713
24.326762
22.972791
21.182507
18.985129
16.421758
13.544360
10.414400
7.101155
3.679771
0.229117
-3.170499
-6.439672
-9.502233
-12.287497
-14.732345
-16.783097
-18.397085
-19.543902
-20.206271
-20.380514
-20.076601
-19.317783
-18.139819
-16.589817
-14.724736
-12.609592
-10.315422
-7.917082
-5.490941
-3.112550
-0.854354
1.216475
3.040011
4.565306
5.751811
6.570456
7.004352
7.049090
6.712642
6.014868
4.986645
3.668655
2.109873
0.365813
-1.503412
-3.435151
-5.366318
-7.235472
-8.984812
-10.562003
-11.921790
-13.027341
-13.851273
-14.376342
-14.595760
-14.513150
-14.142136
-13.505583
-12.634531
-11.566850
-10.345672
-9.017662
-7.631185
-6.234438
-4.873610
-3.591151
-2.424190
-1.403170
-0.550759
0.118951
0.600902
0.899185
1.026804
1.005095
0.862824
0.634997
0.361420
0.085069
-0.149681
-0.298898
-0.320938
-0.178231
0.161059
0.721563
1.519481
2.561646
3.844909
5.355887
7.071068
8.957290
10.972576
13.067293
15.185618
17.267246
19.249297
21.068350
22.662547
23.973683
24.949230
25.544205
25.722831
25.459934
24.742012
23.567958
21.949383
19.910557
17.487929
14.729263
11.692411
8.443745
5.056311
1.607757
-1.821906
-5.152630
-8.306674
-11.210899
-13.798922
-16.013081
-17.806134
-19.142643
-20.000000
-20.369058
-20.254347
-19.673879
-18.658526
-17.251018
-15.504575
-13.481221
-11.249841
-8.884037
-6.459853
-4.053445
-1.738768
0.414647
2.343752
3.993819
5.319991
6.288500
6.877526
7.077657
6.891950
6.335594
5.435188
4.227655
2.758852
1.081903
-0.744679
-2.659006
-4.597913
-6.499055
-8.302945
-9.954856
-11.406523
-12.617602
-13.556831
-14.202848
-14.544669
-14.581782
-14.323883
-13.790250
-13.008803
-12.014855
-10.849634
-9.558607
-8.189682
-6.791347
-5.410811
-4.092218
-2.875002
-1.792429
-0.870389
-0.126480
0.430595
0.801274
0.995048
1.030011
0.932083
0.733936
0.473641
0.193112
-0.063617
-0.252213
-0.329899
-0.257267
-0.000000
0.469578
1.171169
2.115444
3.303299
4.725452
6.362405
8.184778
10.153995
12.223327
14.339235
16.442988
18.472497
20.364307
22.055682
23.486707
24.602350
25.354397
25.703205
25.619211
25.084138
24.091858
22.648882
20.774450
18.500220
15.869561
12.936457
9.764080
6.423045
2.989418
-0.457458
-3.837267
-7.071068
-10.083611
-12.805564
-15.175556
-17.141992
-18.664568
-19.715447
-20.280046
-20.357428
-19.960259
-19.114370
-17.857890
-16.240031
-14.319513
-12.162725
-9.841650
-7.431633
-5.009066
-2.649057
-0.423165
1.602735
3.370385
4.830811
5.945687
6.688337
7.044354
7.011826
6.601157
5.834490
4.744770
3.374468
1.774013
0.000000
-1.886785
-3.823433
-5.747024
-7.596689
-9.315581
-10.852660
-12.164257
-13.215358
-13.980565
-14.444710
-14.603105
-14.461415
-14.035185
-13.349009
-12.435410
-11.333440
-10.087081
-8.743487
-7.351139
-5.957976
-4.609575
-3.347441
-2.207467
-1.218621
-0.401907
0.230362
0.674961
0.937794
1.033588
0.985247
0.822889
0.582601
0.304960
0.033367
-0.187745
-0.314752
-0.306687
-0.127000
0.254816
0.861795
1.708329
2.799291
4.129496
5.683513
7.435852
9.351509
11.386872
13.490946
15.606867
17.673657
19.628163
21.407107
22.949194
24.197199
25.099958
25.614204
25.706180
25.352969
24.543504
23.279208
21.574243
19.455364
16.961364
14.142136
11.057369
7.774927
4.368949
0.917737
-2.498502
-5.799994
-8.909739
-11.755782
-14.273335
-16.406692
-18.110872
-19.352936
-20.112927
-20.384432
-20.174706
-19.504395
-18.406835
-16.926975
-15.119938
-13.049286
-10.785021
-8.401420
-5.974736
-3.580869
-1.293061
0.820294
2.697675
4.286212
5.543180
6.437146
6.948745
7.071068
6.809638
6.181996
5.216902
3.953189
2.438307
0.726612
-1.122541
-3.046841
-4.983119
-6.869444
-8.647133
-10.262622
-11.669123
-12.828026
-13.709994
-14.295715
-14.576302
-14.553319
-14.238439
-13.652754
-12.825770
-11.794108
-10.599983
-9.289498
-7.910827
-6.512348
-5.140797
-3.839503
-2.646775
-1.594491
-0.706948
-0.000000
0.519467
0.853722
1.014023
1.020100
0.899322
0.685552
0.417764
0.138436
-0.108190
-0.277944
-0.328580
-0.221575
0.076178
0.590858
1.340436
2.333678
3.569463
5.036460
6.713154
8.568259
10.561477
12.644598
14.762909
16.856853
18.863906
20.720588
22.364559
23.736719
24.783250
25.457518
25.721785
25.548658
24.922234
23.838886
22.307674
20.350363
18.001020
15.305236
12.318959
9.106997
5.741221
2.298532
-1.141346
-4.498184
-7.693594
-10.653340
-13.309522
-15.602588
-17.483092
-18.913141
-19.867497
-20.334289
-20.315317
-19.825929
-18.894497
-17.561476
-15.878113
-13.904820
-11.709276
-9.364318
-6.945687
-4.529705
-2.190946
-0.000000
1.978636
3.688435
5.082457
6.124636
6.790712
7.068774
6.959399
6.475397
5.641159
4.491646
3.071055
1.431197
-0.370331
-2.272152
-4.211186
-6.124760
-7.952657
-9.639055
-11.134270
-12.396273
-13.391906
-14.097780
-14.500815
-14.598414
-14.398269
-13.917811
-13.183318
-12.228738
-11.094244
-9.824597
-8.467365
-7.071068
-5.683317
-4.349008
-3.108639
-1.996815
-1.040985
-0.260462
0.334237
0.741722
0.969696
1.034584
0.960819
0.779821
0.528702
0.248739
-0.016313
-0.222035
-0.325189
-0.285553
-0.067660
0.357607
1.011640
1.906986
3.046539
4.423068
6.019103
7.807196
9.750539
11.803936
13.915086
16.026158
18.075578
